l0 = 0,1,0,-1,0
l1 = 1,2,1,-1,0
l2 = 3,0,2,-1,0
l3 = 4,3,3,-1,0
l4 = 2,5,4,-1,0
l5 = 6,4,5,-1,0
l6 = 5,7,6,-1,0
l7 = 8,6,7,-1,0
l8 = 7,9,8,-1,0
l9 = 10,11,9,-1,0
l10 = 11,12,10,-1,0
l11 = 12,13,11,-1,0
l12 = 13,10,12,-1,0
l13 = 14,15,13,-1,0
l14 = 15,16,14,-1,0
l15 = 16,17,15,-1,0
l16 = 17,14,16,-1,0
l17 = 18,19,17,-1,0
l18 = 19,20,18,-1,0
l19 = 20,21,19,-1,0
l20 = 21,18,20,-1,0
l21 = 22,23,21,-1,0
l22 = 23,24,22,-1,0
l23 = 24,25,23,-1,0
l24 = 25,22,24,-1,0
l25 = 26,8,25,-1,0
l26 = 27,26,26,27,0
l27 = 28,27,28,-1,0
l28 = 29,30,29,-1,0
l29 = 30,28,30,31,0
l30 = 31,32,32,33,0
l31 = 33,34,34,35,0
l32 = 27,34,36,-1,0
l33 = 33,26,37,-1,0
l34 = 31,28,38,-1,0
l35 = 30,32,39,-1,0
l36 = 34,31,40,-1,0
l37 = 35,33,41,-1,0
l38 = 32,36,42,-1,0
l39 = 14,11,43,44,0
l40 = 26,15,45,46,0
l41 = 22,30,47,48,0
l42 = 37,38,49,-1,0
l43 = 38,39,50,-1,0
l44 = 39,40,51,-1,0
l45 = 36,41,52,-1,0
l46 = 41,42,53,-1,0
l47 = 43,35,54,-1,0
l48 = 44,43,55,-1,0
l49 = 3,2,56,57,0
l50 = 20,24,58,59,0
l51 = 17,12,60,61,0
l52 = 12,20,62,63,0
l53 = 13,19,64,65,0
l54 = 21,23,66,67,0
l55 = 9,45,68,-1,0
l56 = 46,37,69,-1,0
l57 = 46,45,70,71,0
l58 = 47,48,72,-1,0
l59 = 49,50,73,-1,0
l60 = 50,51,74,-1,0
l61 = 51,46,75,-1,0
l62 = 45,52,76,-1,0
l63 = 52,47,77,-1,0
l64 = 53,54,78,79,0
l65 = 48,54,80,-1,0
l66 = 53,49,81,-1,0
l67 = 54,55,82,-1,0
l68 = 55,56,83,-1,0
l69 = 56,57,84,-1,0
l70 = 58,59,85,-1,0
l71 = 60,53,86,-1,0
l72 = 59,60,87,-1,0
l73 = 61,62,88,89,0
l74 = 62,63,90,91,0
l75 = 63,64,92,93,0
l76 = 64,65,94,95,0
l77 = 65,66,96,97,0
l78 = 66,67,98,99,0
l79 = 67,68,100,101,0
l80 = 68,69,102,103,0
l81 = 69,70,104,105,0
l82 = 70,71,106,107,0
l83 = 71,72,108,109,0
l84 = 72,73,110,111,0
l85 = 73,74,112,113,0
l86 = 62,73,114,115,0
l87 = 63,72,116,117,0
l88 = 64,71,118,119,0
l89 = 65,70,120,121,0
l90 = 66,69,122,123,0
l91 = 61,74,124,125,0
l92 = 74,75,126,127,0
l93 = 75,58,128,-1,0
l94 = 57,76,129,-1,0
l95 = 76,61,130,131,0
l96 = 76,77,132,-1,0
l97 = 77,78,133,-1,0
l98 = 79,80,134,-1,0
l99 = 80,75,135,-1,0
l100 = 81,82,136,-1,0
l101 = 83,84,137,-1,0
l102 = 85,86,138,-1,0
l103 = 84,87,139,-1,0
l104 = 88,81,140,-1,0
l105 = 89,90,141,-1,0
l106 = 82,91,142,-1,0
l107 = 92,83,143,-1,0
l108 = 87,93,144,-1,0
l109 = 93,92,145,-1,0
l110 = 91,94,146,-1,0
l111 = 94,88,147,-1,0
l112 = 90,95,148,-1,0
l113 = 95,96,149,-1,0
l114 = 97,85,150,-1,0
l115 = 98,97,151,-1,0
l116 = 79,78,152,153,0
l117 = 89,81,154,155,0
l118 = 88,90,156,157,0
l119 = 84,86,158,159,0
l120 = 85,87,160,161,0
l121 = 82,83,162,163,0
l122 = 92,91,164,165,0
l123 = 99,98,166,-1,0
l124 = 96,100,167,-1,0
l125 = 100,101,168,-1,0
l126 = 101,102,169,-1,0
l127 = 102,103,170,-1,0
l128 = 103,104,171,-1,0
l129 = 104,99,172,-1,0
l130 = 100,105,173,174,0
l131 = 105,106,175,176,0
l132 = 106,99,177,178,0
l133 = 86,107,179,-1,0
l134 = 107,79,180,-1,0
l135 = 78,108,181,-1,0
l136 = 108,89,182,-1,0
l137 = 109,110,183,184,0
l138 = 110,111,185,186,0
l139 = 111,112,187,188,0
l140 = 112,109,189,190,0
l141 = 113,114,191,192,0
l142 = 114,115,193,194,0
l143 = 115,116,195,196,0
l144 = 116,113,197,198,0
l145 = 40,117,199,-1,0
l146 = 118,29,200,-1,0
l147 = 119,118,201,-1,0
l148 = 117,120,202,-1,0
l149 = 29,40,203,204,0
l150 = 120,119,205,206,0
l151 = 121,122,207,208,1
l152 = 123,124,209,210,1
l153 = 122,119,211,-1,0
l154 = 120,121,212,-1,0
l155 = 121,124,213,-1,0
l156 = 123,122,214,-1,0
l157 = 125,123,215,-1,0
l158 = 124,126,216,-1,0
l159 = 127,128,217,-1,0
l160 = 128,129,218,-1,0
l161 = 130,44,219,-1,0
l162 = 42,131,220,-1,0
l163 = 131,132,221,-1,0
l164 = 133,134,222,223,0
l165 = 134,135,224,225,0
l166 = 135,136,226,227,0
l167 = 136,137,228,229,0
l168 = 137,138,230,231,0
l169 = 138,139,232,233,0
l170 = 139,140,234,235,0
l171 = 140,133,236,237,0
l172 = 141,142,238,-1,0
l173 = 143,144,239,-1,0
l174 = 144,145,240,-1,0
l175 = 146,147,241,-1,0
l176 = 148,149,242,-1,0
l177 = 150,151,243,-1,0
l178 = 152,153,244,-1,0
l179 = 154,127,245,-1,0
l180 = 153,154,246,-1,0
l181 = 149,155,247,-1,0
l182 = 156,155,248,249,0
l183 = 157,158,250,251,0
l184 = 159,157,252,253,0
l185 = 160,161,254,255,0
l186 = 162,159,256,257,0
l187 = 161,156,258,259,0
l188 = 163,164,260,-1,0
l189 = 165,152,261,-1,0
l190 = 164,166,262,-1,0
l191 = 167,165,263,-1,0
l192 = 141,145,264,265,0
l193 = 153,158,266,267,0
l194 = 158,164,268,269,0
l195 = 150,148,270,271,88
l196 = 158,152,272,273,0
l197 = 168,160,274,275,0
l198 = 163,168,276,277,0
l199 = 169,163,278,-1,0
l200 = 170,171,279,280,0
l201 = 171,172,281,282,0
l202 = 172,169,283,284,0
l203 = 129,173,285,-1,0
l204 = 173,174,286,-1,0
l205 = 175,130,287,-1,0
l206 = 176,175,288,-1,0
l207 = 177,178,289,-1,0
l208 = 178,179,290,-1,0
l209 = 180,181,291,-1,0
l210 = 182,180,292,-1,0
l211 = 183,182,293,-1,0
l212 = 184,183,294,-1,0
l213 = 179,185,295,-1,0
l214 = 185,186,296,-1,0
l215 = 187,188,297,-1,0
l216 = 174,176,298,299,0
l217 = 181,177,300,301,0
l218 = 180,178,302,303,0
l219 = 182,179,304,305,0
l220 = 183,185,306,307,0
l221 = 184,186,308,309,0
l222 = 187,189,310,311,0
l223 = 190,191,312,313,0
l224 = 192,193,314,315,0
l225 = 194,195,316,317,0
l226 = 196,197,318,319,0
l227 = 198,199,320,321,0
l228 = 200,201,322,323,0
l229 = 202,203,324,325,0
l230 = 204,205,326,327,0
l231 = 204,202,328,-1,0
l232 = 203,205,329,-1,0
l233 = 202,200,330,-1,0
l234 = 200,198,331,-1,0
l235 = 198,196,332,-1,0
l236 = 196,194,333,-1,0
l237 = 194,192,334,-1,0
l238 = 193,195,335,-1,0
l239 = 195,197,336,-1,0
l240 = 197,199,337,-1,0
l241 = 199,201,338,-1,0
l242 = 201,203,339,-1,0
l243 = 192,206,340,-1,0
l244 = 207,193,341,-1,0
l245 = 208,207,342,-1,0
l246 = 206,167,343,-1,0
l247 = 208,167,344,345,1
l248 = 206,207,346,347,1
l249 = 209,208,348,-1,0
l250 = 127,210,349,350,0
l251 = 210,211,351,352,0
l252 = 211,35,353,354,0
l253 = 211,130,355,356,0
l254 = 129,210,357,358,0
l255 = 205,212,359,-1,0
l256 = 212,191,360,-1,0
l257 = 190,213,361,-1,0
l258 = 213,204,362,-1,0
l259 = 186,214,363,-1,0
l260 = 214,189,364,-1,0
l261 = 188,215,365,-1,0
l262 = 215,184,366,-1,0
l263 = 150,162,367,368,0
l264 = 147,216,369,-1,0
l265 = 216,141,370,-1,0
l266 = 145,217,371,-1,0
l267 = 217,148,372,-1,0
l268 = 218,170,373,-1,0
l269 = 170,219,374,-1,0
l270 = 219,169,375,376,0
l271 = 132,220,377,-1,0
l272 = 220,221,378,-1,0
l273 = 221,222,379,-1,0
l274 = 222,223,380,-1,0
l275 = 153,223,381,382,0
l276 = 222,154,383,384,0
l277 = 223,150,385,-1,0
l278 = 224,225,386,-1,0
l279 = 226,227,387,-1,0
l280 = 227,228,388,-1,0
l281 = 229,230,389,-1,0
l282 = 231,232,390,-1,0
l283 = 233,224,391,-1,0
l284 = 234,235,392,-1,0
l285 = 235,236,393,-1,0
l286 = 236,237,394,-1,0
l287 = 238,239,395,-1,0
l288 = 239,240,396,-1,0
l289 = 240,241,397,-1,0
l290 = 228,242,398,-1,0
l291 = 242,229,399,-1,0
l292 = 237,243,400,-1,0
l293 = 243,234,401,-1,0
l294 = 232,244,402,-1,0
l295 = 244,233,403,-1,0
l296 = 241,245,404,-1,0
l297 = 245,238,405,-1,0
l298 = 245,246,406,407,0
l299 = 246,247,408,409,0
l300 = 247,242,410,411,0
l301 = 248,243,412,413,0
l302 = 244,249,414,415,0
l303 = 249,248,416,417,0
l304 = 250,251,418,-1,0
l305 = 252,253,419,-1,0
l306 = 251,254,420,-1,0
l307 = 255,252,421,-1,0
l308 = 229,232,422,423,36
l309 = 234,241,424,425,0
l310 = 166,209,426,427,0
l311 = 253,226,428,-1,0
l312 = 225,250,429,-1,0
l313 = 238,228,430,431,0
l314 = 233,237,432,433,0
l315 = 252,251,434,435,0
l316 = 254,256,436,-1,0
l317 = 257,255,437,-1,0
l318 = 258,257,438,-1,0
l319 = 256,259,439,-1,0
l320 = 259,260,440,-1,0
l321 = 260,261,441,-1,0
l322 = 262,263,442,-1,0
l323 = 263,258,443,-1,0
l324 = 263,260,444,445,1
l325 = 259,258,446,447,1
l326 = 261,264,448,-1,0
l327 = 265,262,449,-1,0
l328 = 264,266,450,-1,0
l329 = 267,268,451,-1,0
l330 = 268,269,452,-1,11
l331 = 269,265,453,-1,0
l332 = 266,267,454,-1,0
l333 = 262,261,455,456,0
l334 = 270,209,457,-1,0
l335 = 166,271,458,-1,0
l336 = 230,272,459,-1,0
l337 = 272,270,460,-1,0
l338 = 271,273,461,-1,0
l339 = 273,231,462,-1,0
l340 = 271,270,463,464,1
l341 = 272,273,465,466,1
l342 = 274,275,467,468,0
l343 = 276,277,469,470,0
l344 = 277,274,471,472,0
l345 = 275,276,473,474,0
l346 = 256,257,475,476,0
l347 = 278,279,477,478,0
l348 = 280,281,479,480,0
l349 = 281,278,481,482,0
l350 = 279,280,483,484,0
l351 = 151,146,485,-1,0
l352 = 282,283,486,487,48
l353 = 283,284,488,489,48
l354 = 284,285,490,491,48
l355 = 285,286,492,493,48
l356 = 286,287,494,495,48
l357 = 287,288,496,497,48
l358 = 288,289,498,499,48
l359 = 289,282,500,501,48
l360 = 290,291,502,-1,0
l361 = 291,292,503,-1,0
l362 = 293,294,504,-1,0
l363 = 295,296,505,-1,0
l364 = 296,297,506,-1,0
l365 = 298,299,507,-1,0
l366 = 300,301,508,-1,0
l367 = 301,302,509,-1,0
l368 = 302,303,510,-1,0
l369 = 303,295,511,-1,0
l370 = 292,300,512,-1,0
l371 = 290,304,513,514,0
l372 = 304,305,515,516,0
l373 = 305,297,517,518,0
l374 = 299,306,519,-1,0
l375 = 306,307,520,-1,0
l376 = 307,308,521,-1,0
l377 = 308,293,522,-1,0
l378 = 298,309,523,524,0
l379 = 309,294,525,526,0
l380 = 310,311,527,-1,0
l381 = 142,312,528,-1,0
l382 = 313,143,529,-1,0
l383 = 312,310,530,-1,0
l384 = 125,126,531,532,0
l385 = 313,310,533,534,0
l386 = 314,315,535,536,0
l387 = 315,316,537,538,0
l388 = 316,317,539,540,0
l389 = 317,314,541,542,0
l390 = 294,318,543,-1,0
l391 = 318,125,544,-1,0
l392 = 126,319,545,-1,0
l393 = 319,290,546,-1,0
l394 = 297,320,547,-1,0
l395 = 320,313,548,-1,0
l396 = 311,321,549,-1,0
l397 = 321,298,550,-1,0
l398 = 322,323,551,-1,0
l399 = 323,324,552,-1,0
l400 = 324,325,553,-1,0
l401 = 325,326,554,-1,0
l402 = 326,327,555,-1,0
l403 = 327,328,556,-1,0
l404 = 328,329,557,-1,0
l405 = 329,330,558,-1,0
l406 = 330,331,559,-1,0
l407 = 331,332,560,-1,0
l408 = 332,333,561,-1,0
l409 = 333,334,562,-1,0
l410 = 334,335,563,-1,0
l411 = 335,322,564,-1,0
l412 = 327,334,565,566,0
l413 = 328,333,567,568,0
l414 = 329,332,569,570,0
l415 = 336,337,571,572,0
l416 = 337,338,573,574,0
l417 = 338,339,575,576,0
l418 = 339,336,577,578,0
l419 = 340,341,579,580,0
l420 = 341,342,581,582,0
l421 = 342,343,583,584,0
l422 = 343,340,585,586,0
l423 = 344,345,587,588,0
l424 = 345,346,589,590,0
l425 = 346,347,591,592,0
l426 = 347,344,593,594,0
l427 = 142,144,595,596,0
l428 = 348,349,597,-1,0
l429 = 350,351,598,-1,0
l430 = 352,353,599,-1,0
l431 = 349,352,600,601,0
l432 = 219,354,602,-1,0
l433 = 354,355,603,-1,0
l434 = 353,356,604,-1,0
l435 = 356,169,605,-1,0
l436 = 349,357,606,-1,0
l437 = 357,350,607,-1,0
l438 = 351,358,608,-1,0
l439 = 358,352,609,-1,0
l440 = 191,359,610,-1,0
l441 = 359,360,611,-1,0
l442 = 360,187,612,-1,0
l443 = 189,361,613,-1,0
l444 = 361,362,614,-1,0
l445 = 362,190,615,-1,0
l446 = 174,363,616,-1,0
l447 = 363,177,617,-1,0
l448 = 181,364,618,-1,0
l449 = 364,176,619,-1,0
l450 = 355,365,620,-1,0
l451 = 366,367,621,-1,0
l452 = 368,366,622,-1,0
l453 = 369,370,623,-1,0
l454 = 370,371,624,-1,0
l455 = 371,372,625,-1,0
l456 = 372,373,626,-1,0
l457 = 374,368,627,-1,0
l458 = 375,374,628,-1,0
l459 = 376,375,629,-1,0
l460 = 373,377,630,-1,0
l461 = 378,376,631,-1,0
l462 = 377,379,632,-1,0
l463 = 380,378,633,-1,0
l464 = 155,218,634,635,0
l465 = 365,348,636,637,0
l466 = 369,367,638,639,0
l467 = 155,381,640,-1,0
l468 = 381,380,641,-1,0
l469 = 379,382,642,-1,0
l470 = 382,218,643,-1,0
l471 = 365,383,644,-1,0
l472 = 383,369,645,-1,0
l473 = 367,384,646,-1,0
l474 = 384,348,647,-1,0